33.2500
33.5000
33.7500
34.0526
34.1053
34.1579
34.2105
34.2632
34.3158
34.3684
34.4211
34.4737
34.5263
34.5789
34.6316
34.6842
34.7368
34.7895
34.8421
34.8947
34.9474
35.0122
35.0244
35.0366
35.0488
35.0610
35.0732
35.0854
35.0976
35.1098
35.1220
35.1341
35.1463
35.1585
35.1707
35.1829
35.1951
35.2073
35.2195
35.2317
35.2439
35.2561
35.2683
35.2805
35.2927
35.3049
35.3171
35.3293
35.3415
35.3537
35.3659
35.3780
35.3902
35.4024
35.4146
35.4268
35.4390
35.4512
35.4634
35.4756
35.4878
35.5000
35.5122
35.5244
35.5366
35.5488
35.5610
35.5732
35.5854
35.5976
35.6098
35.6220
35.6341
35.6463
35.6585
35.6707
35.6829
35.6951
35.7073
35.7195
35.7317
35.7439
35.7561
35.7683
35.7805
35.7927
35.8049
35.8171
35.8293
35.8415
35.8537
35.8659
35.8780
35.8902
35.9024
35.9146
35.9268
35.9390
35.9512
35.9634
35.9756
35.9878
36.0054
36.0108
36.0161
36.0215
36.0269
36.0323
36.0376
36.0430
36.0484
36.0538
36.0591
36.0645
36.0699
36.0753
36.0806
36.0860
36.0914
36.0968
36.1022
36.1075
36.1129
36.1183
36.1237
36.1290
36.1344
36.1398
36.1452
36.1505
36.1559
36.1613
36.1667
36.1720
36.1774
36.1828
36.1882
36.1935
36.1989
36.2043
36.2097
36.2151
36.2204
36.2258
36.2312
36.2366
36.2419
36.2473
36.2527
36.2581
36.2634
36.2688
36.2742
36.2796
36.2849
36.2903
36.2957
36.3011
36.3065
36.3118
36.3172
36.3226
36.3280
36.3333
36.3387
36.3441
36.3495
36.3548
36.3602
36.3656
36.3710
36.3763
36.3817
36.3871
36.3925
36.3978
36.4032
36.4086
36.4140
36.4194
36.4247
36.4301
36.4355
36.4409
36.4462
36.4516
36.4570
36.4624
36.4677
36.4731
36.4785
36.4839
36.4892
36.4946
36.5000
36.5054
36.5108
36.5161
36.5215
36.5269
36.5323
36.5376
36.5430
36.5484
36.5538
36.5591
36.5645
36.5699
36.5753
36.5806
36.5860
36.5914
36.5968
36.6022
36.6075
36.6129
36.6183
36.6237
36.6290
36.6344
36.6398
36.6452
36.6505
36.6559
36.6613
36.6667
36.6720
36.6774
36.6828
36.6882
36.6935
36.6989
36.7043
36.7097
36.7151
36.7204
36.7258
36.7312
36.7366
36.7419
36.7473
36.7527
36.7581
36.7634
36.7688
36.7742
36.7796
36.7849
36.7903
36.7957
36.8011
36.8065
36.8118
36.8172
36.8226
36.8280
36.8333
36.8387
36.8441
36.8495
36.8548
36.8602
36.8656
36.8710
36.8763
36.8817
36.8871
36.8925
36.8978
36.9032
36.9086
36.9140
36.9194
36.9247
36.9301
36.9355
36.9409
36.9462
36.9516
36.9570
36.9624
36.9677
36.9731
36.9785
36.9839
36.9892
36.9946
37.0024
37.0048
37.0071
37.0095
37.0119
37.0143
37.0166
37.0190
37.0214
37.0238
37.0261
37.0285
37.0309
37.0333
37.0356
37.0380
37.0404
37.0428
37.0451
37.0475
37.0499
37.0523
37.0546
37.0570
37.0594
37.0618
37.0641
37.0665
37.0689
37.0713
37.0736
37.0760
37.0784
37.0808
37.0831
37.0855
37.0879
37.0903
37.0926
37.0950
37.0974
37.0998
37.1021
37.1045
37.1069
37.1093
37.1116
37.1140
37.1164
37.1188
37.1211
37.1235
37.1259
37.1283
37.1306
37.1330
37.1354
37.1378
37.1401
37.1425
37.1449
37.1473
37.1496
37.1520
37.1544
37.1568
37.1591
37.1615
37.1639
37.1663
37.1686
37.1710
37.1734
37.1758
37.1781
37.1805
37.1829
37.1853
37.1876
37.1900
37.1924
37.1948
37.1971
37.1995
37.2019
37.2043
37.2067
37.2090
37.2114
37.2138
37.2162
37.2185
37.2209
37.2233
37.2257
37.2280
37.2304
37.2328
37.2352
37.2375
37.2399
37.2423
37.2447
37.2470
37.2494
37.2518
37.2542
37.2565
37.2589
37.2613
37.2637
37.2660
37.2684
37.2708
37.2732
37.2755
37.2779
37.2803
37.2827
37.2850
37.2874
37.2898
37.2922
37.2945
37.2969
37.2993
37.3017
37.3040
37.3064
37.3088
37.3112
37.3135
37.3159
37.3183
37.3207
37.3230
37.3254
37.3278
37.3302
37.3325
37.3349
37.3373
37.3397
37.3420
37.3444
37.3468
37.3492
37.3515
37.3539
37.3563
37.3587
37.3610
37.3634
37.3658
37.3682
37.3705
37.3729
37.3753
37.3777
37.3800
37.3824
37.3848
37.3872
37.3895
37.3919
37.3943
37.3967
37.3990
37.4014
37.4038
37.4062
37.4086
37.4109
37.4133
37.4157
37.4181
37.4204
37.4228
37.4252
37.4276
37.4299
37.4323
37.4347
37.4371
37.4394
37.4418
37.4442
37.4466
37.4489
37.4513
37.4537
37.4561
37.4584
37.4608
37.4632
37.4656
37.4679
37.4703
37.4727
37.4751
37.4774
37.4798
37.4822
37.4846
37.4869
37.4893
37.4917
37.4941
37.4964
37.4988
37.5012
37.5036
37.5059
37.5083
37.5107
37.5131
37.5154
37.5178
37.5202
37.5226
37.5249
37.5273
37.5297
37.5321
37.5344
37.5368
37.5392
37.5416
37.5439
37.5463
37.5487
37.5511
37.5534
37.5558
37.5582
37.5606
37.5629
37.5653
37.5677
37.5701
37.5724
37.5748
37.5772
37.5796
37.5819
37.5843
37.5867
37.5891
37.5914
37.5938
37.5962
37.5986
37.6010
37.6033
37.6057
37.6081
37.6105
37.6128
37.6152
37.6176
37.6200
37.6223
37.6247
37.6271
37.6295
37.6318
37.6342
37.6366
37.6390
37.6413
37.6437
37.6461
37.6485
37.6508
37.6532
37.6556
37.6580
37.6603
37.6627
37.6651
37.6675
37.6698
37.6722
37.6746
37.6770
37.6793
37.6817
37.6841
37.6865
37.6888
37.6912
37.6936
37.6960
37.6983
37.7007
37.7031
37.7055
37.7078
37.7102
37.7126
37.7150
37.7173
37.7197
37.7221
37.7245
37.7268
37.7292
37.7316
37.7340
37.7363
37.7387
37.7411
37.7435
37.7458
37.7482
37.7506
37.7530
37.7553
37.7577
37.7601
37.7625
37.7648
37.7672
37.7696
37.7720
37.7743
37.7767
37.7791
37.7815
37.7838
37.7862
37.7886
37.7910
37.7933
37.7957
37.7981
37.8005
37.8029
37.8052
37.8076
37.8100
37.8124
37.8147
37.8171
37.8195
37.8219
37.8242
37.8266
37.8290
37.8314
37.8337
37.8361
37.8385
37.8409
37.8432
37.8456
37.8480
37.8504
37.8527
37.8551
37.8575
37.8599
37.8622
37.8646
37.8670
37.8694
37.8717
37.8741
37.8765
37.8789
37.8812
37.8836
37.8860
37.8884
37.8907
37.8931
37.8955
37.8979
37.9002
37.9026
37.9050
37.9074
37.9097
37.9121
37.9145
37.9169
37.9192
37.9216
37.9240
37.9264
37.9287
37.9311
37.9335
37.9359
37.9382
37.9406
37.9430
37.9454
37.9477
37.9501
37.9525
37.9549
37.9572
37.9596
37.9620
37.9644
37.9667
37.9691
37.9715
37.9739
37.9762
37.9786
37.9810
37.9834
37.9857
37.9881
37.9905
37.9929
37.9952
37.9976
38.0013
38.0027
38.0040
38.0053
38.0067
38.0080
38.0093
38.0107
38.0120
38.0133
38.0147
38.0160
38.0173
38.0187
38.0200
38.0213
38.0227
38.0240
38.0253
38.0267
38.0280
38.0293
38.0307
38.0320
38.0333
38.0347
38.0360
38.0373
38.0387
38.0400
38.0413
38.0427
38.0440
38.0453
38.0467
38.0480
38.0493
38.0507
38.0520
38.0533
38.0547
38.0560
38.0573
38.0587
38.0600
38.0613
38.0627
38.0640
38.0653
38.0667
38.0680
38.0693
38.0707
38.0720
38.0733
38.0747
38.0760
38.0773
38.0787
38.0800
38.0813
38.0827
38.0840
38.0853
38.0867
38.0880
38.0893
38.0907
38.0920
38.0933
38.0947
38.0960
38.0973
38.0987
38.1000
38.1013
38.1027
38.1040
38.1053
38.1067
38.1080
38.1093
38.1107
38.1120
38.1133
38.1147
38.1160
38.1173
38.1187
38.1200
38.1213
38.1227
38.1240
38.1253
38.1267
38.1280
38.1293
38.1307
38.1320
38.1333
38.1347
38.1360
38.1373
38.1387
38.1400
38.1413
38.1427
38.1440
38.1453
38.1467
38.1480
38.1493
38.1507
38.1520
38.1533
38.1547
38.1560
38.1573
38.1587
38.1600
38.1613
38.1627
38.1640
38.1653
38.1667
38.1680
38.1693
38.1707
38.1720
38.1733
38.1747
38.1760
38.1773
38.1787
38.1800
38.1813
38.1827
38.1840
38.1853
38.1867
38.1880
38.1893
38.1907
38.1920
38.1933
38.1947
38.1960
38.1973
38.1987
38.2000
38.2013
38.2027
38.2040
38.2053
38.2067
38.2080
38.2093
38.2107
38.2120
38.2133
38.2147
38.2160
38.2173
38.2187
38.2200
38.2213
38.2227
38.2240
38.2253
38.2267
38.2280
38.2293
38.2307
38.2320
38.2333
38.2347
38.2360
38.2373
38.2387
38.2400
38.2413
38.2427
38.2440
38.2453
38.2467
38.2480
38.2493
38.2507
38.2520
38.2533
38.2547
38.2560
38.2573
38.2587
38.2600
38.2613
38.2627
38.2640
38.2653
38.2667
38.2680
38.2693
38.2707
38.2720
38.2733
38.2747
38.2760
38.2773
38.2787
38.2800
38.2813
38.2827
38.2840
38.2853
38.2867
38.2880
38.2893
38.2907
38.2920
38.2933
38.2947
38.2960
38.2973
38.2987
38.3000
38.3013
38.3027
38.3040
38.3053
38.3067
38.3080
38.3093
38.3107
38.3120
38.3133
38.3147
38.3160
38.3173
38.3187
38.3200
38.3213
38.3227
38.3240
38.3253
38.3267
38.3280
38.3293
38.3307
38.3320
38.3333
38.3347
38.3360
38.3373
38.3387
38.3400
38.3413
38.3427
38.3440
38.3453
38.3467
38.3480
38.3493
38.3507
38.3520
38.3533
38.3547
38.3560
38.3573
38.3587
38.3600
38.3613
38.3627
38.3640
38.3653
38.3667
38.3680
38.3693
38.3707
38.3720
38.3733
38.3747
38.3760
38.3773
38.3787
38.3800
38.3813
38.3827
38.3840
38.3853
38.3867
38.3880
38.3893
38.3907
38.3920
38.3933
38.3947
38.3960
38.3973
38.3987
38.4000
38.4013
38.4027
38.4040
38.4053
38.4067
38.4080
38.4093
38.4107
38.4120
38.4133
38.4147
38.4160
38.4173
38.4187
38.4200
38.4213
38.4227
38.4240
38.4253
38.4267
38.4280
38.4293
38.4307
38.4320
38.4333
38.4347
38.4360
38.4373
38.4387
38.4400
38.4413
38.4427
38.4440
38.4453
38.4467
38.4480
38.4493
38.4507
38.4520
38.4533
38.4547
38.4560
38.4573
38.4587
38.4600
38.4613
38.4627
38.4640
38.4653
38.4667
38.4680
38.4693
38.4707
38.4720
38.4733
38.4747
38.4760
38.4773
38.4787
38.4800
38.4813
38.4827
38.4840
38.4853
38.4867
38.4880
38.4893
38.4907
38.4920
38.4933
38.4947
38.4960
38.4973
38.4987
38.5000
38.5013
38.5027
38.5040
38.5053
38.5067
38.5080
38.5093
38.5107
38.5120
38.5133
38.5147
38.5160
38.5173
38.5187
38.5200
38.5213
38.5227
38.5240
38.5253
38.5267
38.5280
38.5293
38.5307
38.5320
38.5333
38.5347
38.5360
38.5373
38.5387
38.5400
38.5413
38.5427
38.5440
38.5453
38.5467
38.5480
38.5493
38.5507
38.5520
38.5533
38.5547
38.5560
38.5573
38.5587
38.5600
38.5613
38.5627
38.5640
38.5653
38.5667
38.5680
38.5693
38.5707
38.5720
38.5733
38.5747
38.5760
38.5773
38.5787
38.5800
38.5813
38.5827
38.5840
38.5853
38.5867
38.5880
38.5893
38.5907
38.5920
38.5933
38.5947
38.5960
38.5973
38.5987
38.6000
38.6013
38.6027
38.6040
38.6053
38.6067
38.6080
38.6093
38.6107
38.6120
38.6133
38.6147
38.6160
38.6173
38.6187
38.6200
38.6213
38.6227
38.6240
38.6253
38.6267
38.6280
38.6293
38.6307
38.6320
38.6333
38.6347
38.6360
38.6373
38.6387
38.6400
38.6413
38.6427
38.6440
38.6453
38.6467
38.6480
38.6493
38.6507
38.6520
38.6533
38.6547
38.6560
38.6573
38.6587
38.6600
38.6613
38.6627
38.6640
38.6653
38.6667
38.6680
38.6693
38.6707
38.6720
38.6733
38.6747
38.6760
38.6773
38.6787
38.6800
38.6813
38.6827
38.6840
38.6853
38.6867
38.6880
38.6893
38.6907
38.6920
38.6933
38.6947
38.6960
38.6973
38.6987
38.7000
38.7013
38.7027
38.7040
38.7053
38.7067
38.7080
38.7093
38.7107
38.7120
38.7133
38.7147
38.7160
38.7173
38.7187
38.7200
38.7213
38.7227
38.7240
38.7253
38.7267
38.7280
38.7293
38.7307
38.7320
38.7333
38.7347
38.7360
38.7373
38.7387
38.7400
38.7413
38.7427
38.7440
38.7453
38.7467
38.7480
38.7493
38.7507
38.7520
38.7533
38.7547
38.7560
38.7573
38.7587
38.7600
38.7613
38.7627
38.7640
38.7653
38.7667
38.7680
38.7693
38.7707
38.7720
38.7733
38.7747
38.7760
38.7773
38.7787
38.7800
38.7813
38.7827
38.7840
38.7853
38.7867
38.7880
38.7893
38.7907
38.7920
38.7933
38.7947
38.7960
38.7973
38.7987
38.8000
38.8013
38.8027
38.8040
38.8053
38.8067
38.8080
38.8093
38.8107
38.8120
38.8133
38.8147
38.8160
38.8173
38.8187
38.8200
38.8213
38.8227
38.8240
38.8253
38.8267
38.8280
38.8293
38.8307
38.8320
38.8333
38.8347
38.8360
38.8373
38.8387
38.8400
38.8413
38.8427
38.8440
38.8453
38.8467
38.8480
38.8493
38.8507
38.8520
38.8533
38.8547
38.8560
38.8573
38.8587
38.8600
38.8613
38.8627
38.8640
38.8653
38.8667
38.8680
38.8693
38.8707
38.8720
38.8733
38.8747
38.8760
38.8773
38.8787
38.8800
38.8813
38.8827
38.8840
38.8853
38.8867
38.8880
38.8893
38.8907
38.8920
38.8933
38.8947
38.8960
38.8973
38.8987
38.9000
38.9013
38.9027
38.9040
38.9053
38.9067
38.9080
38.9093
38.9107
38.9120
38.9133
38.9147
38.9160
38.9173
38.9187
38.9200
38.9213
38.9227
38.9240
38.9253
38.9267
38.9280
38.9293
38.9307
38.9320
38.9333
38.9347
38.9360
38.9373
38.9387
38.9400
38.9413
38.9427
38.9440
38.9453
38.9467
38.9480
38.9493
38.9507
38.9520
38.9533
38.9547
38.9560
38.9573
38.9587
38.9600
38.9613
38.9627
38.9640
38.9653
38.9667
38.9680
38.9693
38.9707
38.9720
38.9733
38.9747
38.9760
38.9773
38.9787
38.9800
38.9813
38.9827
38.9840
38.9853
38.9867
38.9880
38.9893
38.9907
38.9920
38.9933
38.9947
38.9960
38.9973
38.9987
39.0009
39.0019
39.0028
39.0037
39.0047
39.0056
39.0065
39.0074
39.0084
39.0093
39.0102
39.0112
39.0121
39.0130
39.0140
39.0149
39.0158
39.0168
39.0177
39.0186
39.0196
39.0205
39.0214
39.0223
39.0233
39.0242
39.0251
39.0261
39.0270
39.0279
39.0289
39.0298
39.0307
39.0317
39.0326
39.0335
39.0345
39.0354
39.0363
39.0372
39.0382
39.0391
39.0400
39.0410
39.0419
39.0428
39.0438
39.0447
39.0456
39.0466
39.0475
39.0484
39.0493
39.0503
39.0512
39.0521
39.0531
39.0540
39.0549
39.0559
39.0568
39.0577
39.0587
39.0596
39.0605
39.0615
39.0624
39.0633
39.0642
39.0652
39.0661
39.0670
39.0680
39.0689
39.0698
39.0708
39.0717
39.0726
39.0736
39.0745
39.0754
39.0764
39.0773
39.0782
39.0791
39.0801
39.0810
39.0819
39.0829
39.0838
39.0847
39.0857
39.0866
39.0875
39.0885
39.0894
39.0903
39.0912
39.0922
39.0931
39.0940
39.0950
39.0959
39.0968
39.0978
39.0987
39.0996
39.1006
39.1015
39.1024
39.1034
39.1043
39.1052
39.1061
39.1071
39.1080
39.1089
39.1099
39.1108
39.1117
39.1127
39.1136
39.1145
39.1155
39.1164
39.1173
39.1182
39.1192
39.1201
39.1210
39.1220
39.1229
39.1238
39.1248
39.1257
39.1266
39.1276
39.1285
39.1294
39.1304
39.1313
39.1322
39.1331
39.1341
39.1350
39.1359
39.1369
39.1378
39.1387
39.1397
39.1406
39.1415
39.1425
39.1434
39.1443
39.1453
39.1462
39.1471
39.1480
39.1490
39.1499
39.1508
39.1518
39.1527
39.1536
39.1546
39.1555
39.1564
39.1574
39.1583
39.1592
39.1601
39.1611
39.1620
39.1629
39.1639
39.1648
39.1657
39.1667
39.1676
39.1685
39.1695
39.1704
39.1713
39.1723
39.1732
39.1741
39.1750
39.1760
39.1769
39.1778
39.1788
39.1797
39.1806
39.1816
39.1825
39.1834
39.1844
39.1853
39.1862
39.1872
39.1881
39.1890
39.1899
39.1909
39.1918
39.1927
39.1937
39.1946
39.1955
39.1965
39.1974
39.1983
39.1993
39.2002
39.2011
39.2020
39.2030
39.2039
39.2048
39.2058
39.2067
39.2076
39.2086
39.2095
39.2104
39.2114
39.2123
39.2132
39.2142
39.2151
39.2160
39.2169
39.2179
39.2188
39.2197
39.2207
39.2216
39.2225
39.2235
39.2244
39.2253
39.2263
39.2272
39.2281
39.2291
39.2300
39.2309
39.2318
39.2328
39.2337
39.2346
39.2356
39.2365
39.2374
39.2384
39.2393
39.2402
39.2412
39.2421
39.2430
39.2439
39.2449
39.2458
39.2467
39.2477
39.2486
39.2495
39.2505
39.2514
39.2523
39.2533
39.2542
39.2551
39.2561
39.2570
39.2579
39.2588
39.2598
39.2607
39.2616
39.2626
39.2635
39.2644
39.2654
39.2663
39.2672
39.2682
39.2691
39.2700
39.2709
39.2719
39.2728
39.2737
39.2747
39.2756
39.2765
39.2775
39.2784
39.2793
39.2803
39.2812
39.2821
39.2831
39.2840
39.2849
39.2858
39.2868
39.2877
39.2886
39.2896
39.2905
39.2914
39.2924
39.2933
39.2942
39.2952
39.2961
39.2970
39.2980
39.2989
39.2998
39.3007
39.3017
39.3026
39.3035
39.3045
39.3054
39.3063
39.3073
39.3082
39.3091
39.3101
39.3110
39.3119
39.3128
39.3138
39.3147
39.3156
39.3166
39.3175
39.3184
39.3194
39.3203
39.3212
39.3222
39.3231
39.3240
39.3250
39.3259
39.3268
39.3277
39.3287
39.3296
39.3305
39.3315
39.3324
39.3333
39.3343
39.3352
39.3361
39.3371
39.3380
39.3389
39.3399
39.3408
39.3417
39.3426
39.3436
39.3445
39.3454
39.3464
39.3473
39.3482
39.3492
39.3501
39.3510
39.3520
39.3529
39.3538
39.3547
39.3557
39.3566
39.3575
39.3585
39.3594
39.3603
39.3613
39.3622
39.3631
39.3641
39.3650
39.3659
39.3669
39.3678
39.3687
39.3696
39.3706
39.3715
39.3724
39.3734
39.3743
39.3752
39.3762
39.3771
39.3780
39.3790
39.3799
39.3808
39.3818
39.3827
39.3836
39.3845
39.3855
39.3864
39.3873
39.3883
39.3892
39.3901
39.3911
39.3920
39.3929
39.3939
39.3948
39.3957
39.3966
39.3976
39.3985
39.3994
39.4004
39.4013
39.4022
39.4032
39.4041
39.4050
39.4060
39.4069
39.4078
39.4088
39.4097
39.4106
39.4115
39.4125
39.4134
39.4143
39.4153
39.4162
39.4171
39.4181
39.4190
39.4199
39.4209
39.4218
39.4227
39.4236
39.4246
39.4255
39.4264
39.4274
39.4283
39.4292
39.4302
39.4311
39.4320
39.4330
39.4339
39.4348
39.4358
39.4367
39.4376
39.4385
39.4395
39.4404
39.4413
39.4423
39.4432
39.4441
39.4451
39.4460
39.4469
39.4479
39.4488
39.4497
39.4507
39.4516
39.4525
39.4534
39.4544
39.4553
39.4562
39.4572
39.4581
39.4590
39.4600
39.4609
39.4618
39.4628
39.4637
39.4646
39.4655
39.4665
39.4674
39.4683
39.4693
39.4702
39.4711
39.4721
39.4730
39.4739
39.4749
39.4758
39.4767
39.4777
39.4786
39.4795
39.4804
39.4814
39.4823
39.4832
39.4842
39.4851
39.4860
39.4870
39.4879
39.4888
39.4898
39.4907
39.4916
39.4926
39.4935
39.4944
39.4953
39.4963
39.4972
39.4981
39.4991
39.5000
39.5009
39.5019
39.5028
39.5037
39.5047
39.5056
39.5065
39.5074
39.5084
39.5093
39.5102
39.5112
39.5121
39.5130
39.5140
39.5149
39.5158
39.5168
39.5177
39.5186
39.5196
39.5205
39.5214
39.5223
39.5233
39.5242
39.5251
39.5261
39.5270
39.5279
39.5289
39.5298
39.5307
39.5317
39.5326
39.5335
39.5345
39.5354
39.5363
39.5372
39.5382
39.5391
39.5400
39.5410
39.5419
39.5428
39.5438
39.5447
39.5456
39.5466
39.5475
39.5484
39.5493
39.5503
39.5512
39.5521
39.5531
39.5540
39.5549
39.5559
39.5568
39.5577
39.5587
39.5596
39.5605
39.5615
39.5624
39.5633
39.5642
39.5652
39.5661
39.5670
39.5680
39.5689
39.5698
39.5708
39.5717
39.5726
39.5736
39.5745
39.5754
39.5764
39.5773
39.5782
39.5791
39.5801
39.5810
39.5819
39.5829
39.5838
39.5847
39.5857
39.5866
39.5875
39.5885
39.5894
39.5903
39.5912
39.5922
39.5931
39.5940
39.5950
39.5959
39.5968
39.5978
39.5987
39.5996
39.6006
39.6015
39.6024
39.6034
39.6043
39.6052
39.6061
39.6071
39.6080
39.6089
39.6099
39.6108
39.6117
39.6127
39.6136
39.6145
39.6155
39.6164
39.6173
39.6182
39.6192
39.6201
39.6210
39.6220
39.6229
39.6238
39.6248
39.6257
39.6266
39.6276
39.6285
39.6294
39.6304
39.6313
39.6322
39.6331
39.6341
39.6350
39.6359
39.6369
39.6378
39.6387
39.6397
39.6406
39.6415
39.6425
39.6434
39.6443
39.6453
39.6462
39.6471
39.6480
39.6490
39.6499
39.6508
39.6518
39.6527
39.6536
39.6546
39.6555
39.6564
39.6574
39.6583
39.6592
39.6601
39.6611
39.6620
39.6629
39.6639
39.6648
39.6657
39.6667
39.6676
39.6685
39.6695
39.6704
39.6713
39.6723
39.6732
39.6741
39.6750
39.6760
39.6769
39.6778
39.6788
39.6797
39.6806
39.6816
39.6825
39.6834
39.6844
39.6853
39.6862
39.6872
39.6881
39.6890
39.6899
39.6909
39.6918
39.6927
39.6937
39.6946
39.6955
39.6965
39.6974
39.6983
39.6993
39.7002
39.7011
39.7020
39.7030
39.7039
39.7048
39.7058
39.7067
39.7076
39.7086
39.7095
39.7104
39.7114
39.7123
39.7132
39.7142
39.7151
39.7160
39.7169
39.7179
39.7188
39.7197
39.7207
39.7216
39.7225
39.7235
39.7244
39.7253
39.7263
39.7272
39.7281
39.7291
39.7300
39.7309
39.7318
39.7328
39.7337
39.7346
39.7356
39.7365
39.7374
39.7384
39.7393
39.7402
39.7412
39.7421
39.7430
39.7439
39.7449
39.7458
39.7467
39.7477
39.7486
39.7495
39.7505
39.7514
39.7523
39.7533
39.7542
39.7551
39.7561
39.7570
39.7579
39.7588
39.7598
39.7607
39.7616
39.7626
39.7635
39.7644
39.7654
39.7663
39.7672
39.7682
39.7691
39.7700
39.7709
39.7719
39.7728
39.7737
39.7747
39.7756
39.7765
39.7775
39.7784
39.7793
39.7803
39.7812
39.7821
39.7831
39.7840
39.7849
39.7858
39.7868
39.7877
39.7886
39.7896
39.7905
39.7914
39.7924
39.7933
39.7942
39.7952
39.7961
39.7970
39.7980
39.7989
39.7998
39.8007
39.8017
39.8026
39.8035
39.8045
39.8054
39.8063
39.8073
39.8082
39.8091
39.8101
39.8110
39.8119
39.8128
39.8138
39.8147
39.8156
39.8166
39.8175
39.8184
39.8194
39.8203
39.8212
39.8222
39.8231
39.8240
39.8250
39.8259
39.8268
39.8277
39.8287
39.8296
39.8305
39.8315
39.8324
39.8333
39.8343
39.8352
39.8361
39.8371
39.8380
39.8389
39.8399
39.8408
39.8417
39.8426
39.8436
39.8445
39.8454
39.8464
39.8473
39.8482
39.8492
39.8501
39.8510
39.8520
39.8529
39.8538
39.8547
39.8557
39.8566
39.8575
39.8585
39.8594
39.8603
39.8613
39.8622
39.8631
39.8641
39.8650
39.8659
39.8669
39.8678
39.8687
39.8696
39.8706
39.8715
39.8724
39.8734
39.8743
39.8752
39.8762
39.8771
39.8780
39.8790
39.8799
39.8808
39.8818
39.8827
39.8836
39.8845
39.8855
39.8864
39.8873
39.8883
39.8892
39.8901
39.8911
39.8920
39.8929
39.8939
39.8948
39.8957
39.8966
39.8976
39.8985
39.8994
39.9004
39.9013
39.9022
39.9032
39.9041
39.9050
39.9060
39.9069
39.9078
39.9088
39.9097
39.9106
39.9115
39.9125
39.9134
39.9143
39.9153
39.9162
39.9171
39.9181
39.9190
39.9199
39.9209
39.9218
39.9227
39.9236
39.9246
39.9255
39.9264
39.9274
39.9283
39.9292
39.9302
39.9311
39.9320
39.9330
39.9339
39.9348
39.9358
39.9367
39.9376
39.9385
39.9395
39.9404
39.9413
39.9423
39.9432
39.9441
39.9451
39.9460
39.9469
39.9479
39.9488
39.9497
39.9507
39.9516
39.9525
39.9534
39.9544
39.9553
39.9562
39.9572
39.9581
39.9590
39.9600
39.9609
39.9618
39.9628
39.9637
39.9646
39.9655
39.9665
39.9674
39.9683
39.9693
39.9702
39.9711
39.9721
39.9730
39.9739
39.9749
39.9758
39.9767
39.9777
39.9786
39.9795
39.9804
39.9814
39.9823
39.9832
39.9842
39.9851
39.9860
39.9870
39.9879
39.9888
39.9898
39.9907
39.9916
39.9926
39.9935
39.9944
39.9953
39.9963
39.9972
39.9981
39.9991
40.0009
40.0019
40.0028
40.0037
40.0046
40.0056
40.0065
40.0074
40.0083
40.0093
40.0102
40.0111
40.0120
40.0130
40.0139
40.0148
40.0157
40.0167
40.0176
40.0185
40.0194
40.0204
40.0213
40.0222
40.0231
40.0241
40.0250
40.0259
40.0269
40.0278
40.0287
40.0296
40.0306
40.0315
40.0324
40.0333
40.0343
40.0352
40.0361
40.0370
40.0380
40.0389
40.0398
40.0407
40.0417
40.0426
40.0435
40.0444
40.0454
40.0463
40.0472
40.0481
40.0491
40.0500
40.0509
40.0519
40.0528
40.0537
40.0546
40.0556
40.0565
40.0574
40.0583
40.0593
40.0602
40.0611
40.0620
40.0630
40.0639
40.0648
40.0657
40.0667
40.0676
40.0685
40.0694
40.0704
40.0713
40.0722
40.0731
40.0741
40.0750
40.0759
40.0769
40.0778
40.0787
40.0796
40.0806
40.0815
40.0824
40.0833
40.0843
40.0852
40.0861
40.0870
40.0880
40.0889
40.0898
40.0907
40.0917
40.0926
40.0935
40.0944
40.0954
40.0963
40.0972
40.0981
40.0991
40.1000
40.1009
40.1019
40.1028
40.1037
40.1046
40.1056
40.1065
40.1074
40.1083
40.1093
40.1102
40.1111
40.1120
40.1130
40.1139
40.1148
40.1157
40.1167
40.1176
40.1185
40.1194
40.1204
40.1213
40.1222
40.1231
40.1241
40.1250
40.1259
40.1269
40.1278
40.1287
40.1296
40.1306
40.1315
40.1324
40.1333
40.1343
40.1352
40.1361
40.1370
40.1380
40.1389
40.1398
40.1407
40.1417
40.1426
40.1435
40.1444
40.1454
40.1463
40.1472
40.1481
40.1491
40.1500
40.1509
40.1519
40.1528
40.1537
40.1546
40.1556
40.1565
40.1574
40.1583
40.1593
40.1602
40.1611
40.1620
40.1630
40.1639
40.1648
40.1657
40.1667
40.1676
40.1685
40.1694
40.1704
40.1713
40.1722
40.1731
40.1741
40.1750
40.1759
40.1769
40.1778
40.1787
40.1796
40.1806
40.1815
40.1824
40.1833
40.1843
40.1852
40.1861
40.1870
40.1880
40.1889
40.1898
40.1907
40.1917
40.1926
40.1935
40.1944
40.1954
40.1963
40.1972
40.1981
40.1991
40.2000
40.2009
40.2019
40.2028
40.2037
40.2046
40.2056
40.2065
40.2074
40.2083
40.2093
40.2102
40.2111
40.2120
40.2130
40.2139
40.2148
40.2157
40.2167
40.2176
40.2185
40.2194
40.2204
40.2213
40.2222
40.2231
40.2241
40.2250
40.2259
40.2269
40.2278
40.2287
40.2296
40.2306
40.2315
40.2324
40.2333
40.2343
40.2352
40.2361
40.2370
40.2380
40.2389
40.2398
40.2407
40.2417
40.2426
40.2435
40.2444
40.2454
40.2463
40.2472
40.2481
40.2491
40.2500
40.2509
40.2519
40.2528
40.2537
40.2546
40.2556
40.2565
40.2574
40.2583
40.2593
40.2602
40.2611
40.2620
40.2630
40.2639
40.2648
40.2657
40.2667
40.2676
40.2685
40.2694
40.2704
40.2713
40.2722
40.2731
40.2741
40.2750
40.2759
40.2769
40.2778
40.2787
40.2796
40.2806
40.2815
40.2824
40.2833
40.2843
40.2852
40.2861
40.2870
40.2880
40.2889
40.2898
40.2907
40.2917
40.2926
40.2935
40.2944
40.2954
40.2963
40.2972
40.2981
40.2991
40.3000
40.3009
40.3019
40.3028
40.3037
40.3046
40.3056
40.3065
40.3074
40.3083
40.3093
40.3102
40.3111
40.3120
40.3130
40.3139
40.3148
40.3157
40.3167
40.3176
40.3185
40.3194
40.3204
40.3213
40.3222
40.3231
40.3241
40.3250
40.3259
40.3269
40.3278
40.3287
40.3296
40.3306
40.3315
40.3324
40.3333
40.3343
40.3352
40.3361
40.3370
40.3380
40.3389
40.3398
40.3407
40.3417
40.3426
40.3435
40.3444
40.3454
40.3463
40.3472
40.3481
40.3491
40.3500
40.3509
40.3519
40.3528
40.3537
40.3546
40.3556
40.3565
40.3574
40.3583
40.3593
40.3602
40.3611
40.3620
40.3630
40.3639
40.3648
40.3657
40.3667
40.3676
40.3685
40.3694
40.3704
40.3713
40.3722
40.3731
40.3741
40.3750
40.3759
40.3769
40.3778
40.3787
40.3796
40.3806
40.3815
40.3824
40.3833
40.3843
40.3852
40.3861
40.3870
40.3880
40.3889
40.3898
40.3907
40.3917
40.3926
40.3935
40.3944
40.3954
40.3963
40.3972
40.3981
40.3991
40.4000
40.4009
40.4019
40.4028
40.4037
40.4046
40.4056
40.4065
40.4074
40.4083
40.4093
40.4102
40.4111
40.4120
40.4130
40.4139
40.4148
40.4157
40.4167
40.4176
40.4185
40.4194
40.4204
40.4213
40.4222
40.4231
40.4241
40.4250
40.4259
40.4269
40.4278
40.4287
40.4296
40.4306
40.4315
40.4324
40.4333
40.4343
40.4352
40.4361
40.4370
40.4380
40.4389
40.4398
40.4407
40.4417
40.4426
40.4435
40.4444
40.4454
40.4463
40.4472
40.4481
40.4491
40.4500
40.4509
40.4519
40.4528
40.4537
40.4546
40.4556
40.4565
40.4574
40.4583
40.4593
40.4602
40.4611
40.4620
40.4630
40.4639
40.4648
40.4657
40.4667
40.4676
40.4685
40.4694
40.4704
40.4713
40.4722
40.4731
40.4741
40.4750
40.4759
40.4769
40.4778
40.4787
40.4796
40.4806
40.4815
40.4824
40.4833
40.4843
40.4852
40.4861
40.4870
40.4880
40.4889
40.4898
40.4907
40.4917
40.4926
40.4935
40.4944
40.4954
40.4963
40.4972
40.4981
40.4991
40.5000
40.5009
40.5019
40.5028
40.5037
40.5046
40.5056
40.5065
40.5074
40.5083
40.5093
40.5102
40.5111
40.5120
40.5130
40.5139
40.5148
40.5157
40.5167
40.5176
40.5185
40.5194
40.5204
40.5213
40.5222
40.5231
40.5241
40.5250
40.5259
40.5269
40.5278
40.5287
40.5296
40.5306
40.5315
40.5324
40.5333
40.5343
40.5352
40.5361
40.5370
40.5380
40.5389
40.5398
40.5407
40.5417
40.5426
40.5435
40.5444
40.5454
40.5463
40.5472
40.5481
40.5491
40.5500
40.5509
40.5519
40.5528
40.5537
40.5546
40.5556
40.5565
40.5574
40.5583
40.5593
40.5602
40.5611
40.5620
40.5630
40.5639
40.5648
40.5657
40.5667
40.5676
40.5685
40.5694
40.5704
40.5713
40.5722
40.5731
40.5741
40.5750
40.5759
40.5769
40.5778
40.5787
40.5796
40.5806
40.5815
40.5824
40.5833
40.5843
40.5852
40.5861
40.5870
40.5880
40.5889
40.5898
40.5907
40.5917
40.5926
40.5935
40.5944
40.5954
40.5963
40.5972
40.5981
40.5991
40.6000
40.6009
40.6019
40.6028
40.6037
40.6046
40.6056
40.6065
40.6074
40.6083
40.6093
40.6102
40.6111
40.6120
40.6130
40.6139
40.6148
40.6157
40.6167
40.6176
40.6185
40.6194
40.6204
40.6213
40.6222
40.6231
40.6241
40.6250
40.6259
40.6269
40.6278
40.6287
40.6296
40.6306
40.6315
40.6324
40.6333
40.6343
40.6352
40.6361
40.6370
40.6380
40.6389
40.6398
40.6407
40.6417
40.6426
40.6435
40.6444
40.6454
40.6463
40.6472
40.6481
40.6491
40.6500
40.6509
40.6519
40.6528
40.6537
40.6546
40.6556
40.6565
40.6574
40.6583
40.6593
40.6602
40.6611
40.6620
40.6630
40.6639
40.6648
40.6657
40.6667
40.6676
40.6685
40.6694
40.6704
40.6713
40.6722
40.6731
40.6741
40.6750
40.6759
40.6769
40.6778
40.6787
40.6796
40.6806
40.6815
40.6824
40.6833
40.6843
40.6852
40.6861
40.6870
40.6880
40.6889
40.6898
40.6907
40.6917
40.6926
40.6935
40.6944
40.6954
40.6963
40.6972
40.6981
40.6991
40.7000
40.7009
40.7019
40.7028
40.7037
40.7046
40.7056
40.7065
40.7074
40.7083
40.7093
40.7102
40.7111
40.7120
40.7130
40.7139
40.7148
40.7157
40.7167
40.7176
40.7185
40.7194
40.7204
40.7213
40.7222
40.7231
40.7241
40.7250
40.7259
40.7269
40.7278
40.7287
40.7296
40.7306
40.7315
40.7324
40.7333
40.7343
40.7352
40.7361
40.7370
40.7380
40.7389
40.7398
40.7407
40.7417
40.7426
40.7435
40.7444
40.7454
40.7463
40.7472
40.7481
40.7491
40.7500
40.7509
40.7519
40.7528
40.7537
40.7546
40.7556
40.7565
40.7574
40.7583
40.7593
40.7602
40.7611
40.7620
40.7630
40.7639
40.7648
40.7657
40.7667
40.7676
40.7685
40.7694
40.7704
40.7713
40.7722
40.7731
40.7741
40.7750
40.7759
40.7769
40.7778
40.7787
40.7796
40.7806
40.7815
40.7824
40.7833
40.7843
40.7852
40.7861
40.7870
40.7880
40.7889
40.7898
40.7907
40.7917
40.7926
40.7935
40.7944
40.7954
40.7963
40.7972
40.7981
40.7991
40.8000
40.8009
40.8019
40.8028
40.8037
40.8046
40.8056
40.8065
40.8074
40.8083
40.8093
40.8102
40.8111
40.8120
40.8130
40.8139
40.8148
40.8157
40.8167
40.8176
40.8185
40.8194
40.8204
40.8213
40.8222
40.8231
40.8241
40.8250
40.8259
40.8269
40.8278
40.8287
40.8296
40.8306
40.8315
40.8324
40.8333
40.8343
40.8352
40.8361
40.8370
40.8380
40.8389
40.8398
40.8407
40.8417
40.8426
40.8435
40.8444
40.8454
40.8463
40.8472
40.8481
40.8491
40.8500
40.8509
40.8519
40.8528
40.8537
40.8546
40.8556
40.8565
40.8574
40.8583
40.8593
40.8602
40.8611
40.8620
40.8630
40.8639
40.8648
40.8657
40.8667
40.8676
40.8685
40.8694
40.8704
40.8713
40.8722
40.8731
40.8741
40.8750
40.8759
40.8769
40.8778
40.8787
40.8796
40.8806
40.8815
40.8824
40.8833
40.8843
40.8852
40.8861
40.8870
40.8880
40.8889
40.8898
40.8907
40.8917
40.8926
40.8935
40.8944
40.8954
40.8963
40.8972
40.8981
40.8991
40.9000
40.9009
40.9019
40.9028
40.9037
40.9046
40.9056
40.9065
40.9074
40.9083
40.9093
40.9102
40.9111
40.9120
40.9130
40.9139
40.9148
40.9157
40.9167
40.9176
40.9185
40.9194
40.9204
40.9213
40.9222
40.9231
40.9241
40.9250
40.9259
40.9269
40.9278
40.9287
40.9296
40.9306
40.9315
40.9324
40.9333
40.9343
40.9352
40.9361
40.9370
40.9380
40.9389
40.9398
40.9407
40.9417
40.9426
40.9435
40.9444
40.9454
40.9463
40.9472
40.9481
40.9491
40.9500
40.9509
40.9519
40.9528
40.9537
40.9546
40.9556
40.9565
40.9574
40.9583
40.9593
40.9602
40.9611
40.9620
40.9630
40.9639
40.9648
40.9657
40.9667
40.9676
40.9685
40.9694
40.9704
40.9713
40.9722
40.9731
40.9741
40.9750
40.9759
40.9769
40.9778
40.9787
40.9796
40.9806
40.9815
40.9824
40.9833
40.9843
40.9852
40.9861
40.9870
40.9880
40.9889
40.9898
40.9907
40.9917
40.9926
40.9935
40.9944
40.9954
40.9963
40.9972
40.9981
40.9991
41.0011
41.0021
41.0032
41.0043
41.0053
41.0064
41.0075
41.0086
41.0096
41.0107
41.0118
41.0128
41.0139
41.0150
41.0160
41.0171
41.0182
41.0193
41.0203
41.0214
41.0225
41.0235
41.0246
41.0257
41.0267
41.0278
41.0289
41.0299
41.0310
41.0321
41.0332
41.0342
41.0353
41.0364
41.0374
41.0385
41.0396
41.0406
41.0417
41.0428
41.0439
41.0449
41.0460
41.0471
41.0481
41.0492
41.0503
41.0513
41.0524
41.0535
41.0545
41.0556
41.0567
41.0578
41.0588
41.0599
41.0610
41.0620
41.0631
41.0642
41.0652
41.0663
41.0674
41.0684
41.0695
41.0706
41.0717
41.0727
41.0738
41.0749
41.0759
41.0770
41.0781
41.0791
41.0802
41.0813
41.0824
41.0834
41.0845
41.0856
41.0866
41.0877
41.0888
41.0898
41.0909
41.0920
41.0930
41.0941
41.0952
41.0963
41.0973
41.0984
41.0995
41.1005
41.1016
41.1027
41.1037
41.1048
41.1059
41.1070
41.1080
41.1091
41.1102
41.1112
41.1123
41.1134
41.1144
41.1155
41.1166
41.1176
41.1187
41.1198
41.1209
41.1219
41.1230
41.1241
41.1251
41.1262
41.1273
41.1283
41.1294
41.1305
41.1316
41.1326
41.1337
41.1348
41.1358
41.1369
41.1380
41.1390
41.1401
41.1412
41.1422
41.1433
41.1444
41.1455
41.1465
41.1476
41.1487
41.1497
41.1508
41.1519
41.1529
41.1540
41.1551
41.1561
41.1572
41.1583
41.1594
41.1604
41.1615
41.1626
41.1636
41.1647
41.1658
41.1668
41.1679
41.1690
41.1701
41.1711
41.1722
41.1733
41.1743
41.1754
41.1765
41.1775
41.1786
41.1797
41.1807
41.1818
41.1829
41.1840
41.1850
41.1861
41.1872
41.1882
41.1893
41.1904
41.1914
41.1925
41.1936
41.1947
41.1957
41.1968
41.1979
41.1989
41.2000
41.2011
41.2021
41.2032
41.2043
41.2053
41.2064
41.2075
41.2086
41.2096
41.2107
41.2118
41.2128
41.2139
41.2150
41.2160
41.2171
41.2182
41.2193
41.2203
41.2214
41.2225
41.2235
41.2246
41.2257
41.2267
41.2278
41.2289
41.2299
41.2310
41.2321
41.2332
41.2342
41.2353
41.2364
41.2374
41.2385
41.2396
41.2406
41.2417
41.2428
41.2439
41.2449
41.2460
41.2471
41.2481
41.2492
41.2503
41.2513
41.2524
41.2535
41.2545
41.2556
41.2567
41.2578
41.2588
41.2599
41.2610
41.2620
41.2631
41.2642
41.2652
41.2663
41.2674
41.2684
41.2695
41.2706
41.2717
41.2727
41.2738
41.2749
41.2759
41.2770
41.2781
41.2791
41.2802
41.2813
41.2824
41.2834
41.2845
41.2856
41.2866
41.2877
41.2888
41.2898
41.2909
41.2920
41.2930
41.2941
41.2952
41.2963
41.2973
41.2984
41.2995
41.3005
41.3016
41.3027
41.3037
41.3048
41.3059
41.3070
41.3080
41.3091
41.3102
41.3112
41.3123
41.3134
41.3144
41.3155
41.3166
41.3176
41.3187
41.3198
41.3209
41.3219
41.3230
41.3241
41.3251
41.3262
41.3273
41.3283
41.3294
41.3305
41.3316
41.3326
41.3337
41.3348
41.3358
41.3369
41.3380
41.3390
41.3401
41.3412
41.3422
41.3433
41.3444
41.3455
41.3465
41.3476
41.3487
41.3497
41.3508
41.3519
41.3529
41.3540
41.3551
41.3561
41.3572
41.3583
41.3594
41.3604
41.3615
41.3626
41.3636
41.3647
41.3658
41.3668
41.3679
41.3690
41.3701
41.3711
41.3722
41.3733
41.3743
41.3754
41.3765
41.3775
41.3786
41.3797
41.3807
41.3818
41.3829
41.3840
41.3850
41.3861
41.3872
41.3882
41.3893
41.3904
41.3914
41.3925
41.3936
41.3947
41.3957
41.3968
41.3979
41.3989
41.4000
41.4011
41.4021
41.4032
41.4043
41.4053
41.4064
41.4075
41.4086
41.4096
41.4107
41.4118
41.4128
41.4139
41.4150
41.4160
41.4171
41.4182
41.4193
41.4203
41.4214
41.4225
41.4235
41.4246
41.4257
41.4267
41.4278
41.4289
41.4299
41.4310
41.4321
41.4332
41.4342
41.4353
41.4364
41.4374
41.4385
41.4396
41.4406
41.4417
41.4428
41.4439
41.4449
41.4460
41.4471
41.4481
41.4492
41.4503
41.4513
41.4524
41.4535
41.4545
41.4556
41.4567
41.4578
41.4588
41.4599
41.4610
41.4620
41.4631
41.4642
41.4652
41.4663
41.4674
41.4684
41.4695
41.4706
41.4717
41.4727
41.4738
41.4749
41.4759
41.4770
41.4781
41.4791
41.4802
41.4813
41.4824
41.4834
41.4845
41.4856
41.4866
41.4877
41.4888
41.4898
41.4909
41.4920
41.4930
41.4941
41.4952
41.4963
41.4973
41.4984
41.4995
41.5005
41.5016
41.5027
41.5037
41.5048
41.5059
41.5070
41.5080
41.5091
41.5102
41.5112
41.5123
41.5134
41.5144
41.5155
41.5166
41.5176
41.5187
41.5198
41.5209
41.5219
41.5230
41.5241
41.5251
41.5262
41.5273
41.5283
41.5294
41.5305
41.5316
41.5326
41.5337
41.5348
41.5358
41.5369
41.5380
41.5390
41.5401
41.5412
41.5422
41.5433
41.5444
41.5455
41.5465
41.5476
41.5487
41.5497
41.5508
41.5519
41.5529
41.5540
41.5551
41.5561
41.5572
41.5583
41.5594
41.5604
41.5615
41.5626
41.5636
41.5647
41.5658
41.5668
41.5679
41.5690
41.5701
41.5711
41.5722
41.5733
41.5743
41.5754
41.5765
41.5775
41.5786
41.5797
41.5807
41.5818
41.5829
41.5840
41.5850
41.5861
41.5872
41.5882
41.5893
41.5904
41.5914
41.5925
41.5936
41.5947
41.5957
41.5968
41.5979
41.5989
41.6000
41.6011
41.6021
41.6032
41.6043
41.6053
41.6064
41.6075
41.6086
41.6096
41.6107
41.6118
41.6128
41.6139
41.6150
41.6160
41.6171
41.6182
41.6193
41.6203
41.6214
41.6225
41.6235
41.6246
41.6257
41.6267
41.6278
41.6289
41.6299
41.6310
41.6321
41.6332
41.6342
41.6353
41.6364
41.6374
41.6385
41.6396
41.6406
41.6417
41.6428
41.6439
41.6449
41.6460
41.6471
41.6481
41.6492
41.6503
41.6513
41.6524
41.6535
41.6545
41.6556
41.6567
41.6578
41.6588
41.6599
41.6610
41.6620
41.6631
41.6642
41.6652
41.6663
41.6674
41.6684
41.6695
41.6706
41.6717
41.6727
41.6738
41.6749
41.6759
41.6770
41.6781
41.6791
41.6802
41.6813
41.6824
41.6834
41.6845
41.6856
41.6866
41.6877
41.6888
41.6898
41.6909
41.6920
41.6930
41.6941
41.6952
41.6963
41.6973
41.6984
41.6995
41.7005
41.7016
41.7027
41.7037
41.7048
41.7059
41.7070
41.7080
41.7091
41.7102
41.7112
41.7123
41.7134
41.7144
41.7155
41.7166
41.7176
41.7187
41.7198
41.7209
41.7219
41.7230
41.7241
41.7251
41.7262
41.7273
41.7283
41.7294
41.7305
41.7316
41.7326
41.7337
41.7348
41.7358
41.7369
41.7380
41.7390
41.7401
41.7412
41.7422
41.7433
41.7444
41.7455
41.7465
41.7476
41.7487
41.7497
41.7508
41.7519
41.7529
41.7540
41.7551
41.7561
41.7572
41.7583
41.7594
41.7604
41.7615
41.7626
41.7636
41.7647
41.7658
41.7668
41.7679
41.7690
41.7701
41.7711
41.7722
41.7733
41.7743
41.7754
41.7765
41.7775
41.7786
41.7797
41.7807
41.7818
41.7829
41.7840
41.7850
41.7861
41.7872
41.7882
41.7893
41.7904
41.7914
41.7925
41.7936
41.7947
41.7957
41.7968
41.7979
41.7989
41.8000
41.8011
41.8021
41.8032
41.8043
41.8053
41.8064
41.8075
41.8086
41.8096
41.8107
41.8118
41.8128
41.8139
41.8150
41.8160
41.8171
41.8182
41.8193
41.8203
41.8214
41.8225
41.8235
41.8246
41.8257
41.8267
41.8278
41.8289
41.8299
41.8310
41.8321
41.8332
41.8342
41.8353
41.8364
41.8374
41.8385
41.8396
41.8406
41.8417
41.8428
41.8439
41.8449
41.8460
41.8471
41.8481
41.8492
41.8503
41.8513
41.8524
41.8535
41.8545
41.8556
41.8567
41.8578
41.8588
41.8599
41.8610
41.8620
41.8631
41.8642
41.8652
41.8663
41.8674
41.8684
41.8695
41.8706
41.8717
41.8727
41.8738
41.8749
41.8759
41.8770
41.8781
41.8791
41.8802
41.8813
41.8824
41.8834
41.8845
41.8856
41.8866
41.8877
41.8888
41.8898
41.8909
41.8920
41.8930
41.8941
41.8952
41.8963
41.8973
41.8984
41.8995
41.9005
41.9016
41.9027
41.9037
41.9048
41.9059
41.9070
41.9080
41.9091
41.9102
41.9112
41.9123
41.9134
41.9144
41.9155
41.9166
41.9176
41.9187
41.9198
41.9209
41.9219
41.9230
41.9241
41.9251
41.9262
41.9273
41.9283
41.9294
41.9305
41.9316
41.9326
41.9337
41.9348
41.9358
41.9369
41.9380
41.9390
41.9401
41.9412
41.9422
41.9433
41.9444
41.9455
41.9465
41.9476
41.9487
41.9497
41.9508
41.9519
41.9529
41.9540
41.9551
41.9561
41.9572
41.9583
41.9594
41.9604
41.9615
41.9626
41.9636
41.9647
41.9658
41.9668
41.9679
41.9690
41.9701
41.9711
41.9722
41.9733
41.9743
41.9754
41.9765
41.9775
41.9786
41.9797
41.9807
41.9818
41.9829
41.9840
41.9850
41.9861
41.9872
41.9882
41.9893
41.9904
41.9914
41.9925
41.9936
41.9947
41.9957
41.9968
41.9979
41.9989
42.0015
42.0030
42.0046
42.0061
42.0076
42.0091
42.0106
42.0121
42.0137
42.0152
42.0167
42.0182
42.0197
42.0212
42.0228
42.0243
42.0258
42.0273
42.0288
42.0303
42.0319
42.0334
42.0349
42.0364
42.0379
42.0395
42.0410
42.0425
42.0440
42.0455
42.0470
42.0486
42.0501
42.0516
42.0531
42.0546
42.0561
42.0577
42.0592
42.0607
42.0622
42.0637
42.0653
42.0668
42.0683
42.0698
42.0713
42.0728
42.0744
42.0759
42.0774
42.0789
42.0804
42.0819
42.0835
42.0850
42.0865
42.0880
42.0895
42.0910
42.0926
42.0941
42.0956
42.0971
42.0986
42.1002
42.1017
42.1032
42.1047
42.1062
42.1077
42.1093
42.1108
42.1123
42.1138
42.1153
42.1168
42.1184
42.1199
42.1214
42.1229
42.1244
42.1259
42.1275
42.1290
42.1305
42.1320
42.1335
42.1351
42.1366
42.1381
42.1396
42.1411
42.1426
42.1442
42.1457
42.1472
42.1487
42.1502
42.1517
42.1533
42.1548
42.1563
42.1578
42.1593
42.1608
42.1624
42.1639
42.1654
42.1669
42.1684
42.1700
42.1715
42.1730
42.1745
42.1760
42.1775
42.1791
42.1806
42.1821
42.1836
42.1851
42.1866
42.1882
42.1897
42.1912
42.1927
42.1942
42.1958
42.1973
42.1988
42.2003
42.2018
42.2033
42.2049
42.2064
42.2079
42.2094
42.2109
42.2124
42.2140
42.2155
42.2170
42.2185
42.2200
42.2215
42.2231
42.2246
42.2261
42.2276
42.2291
42.2307
42.2322
42.2337
42.2352
42.2367
42.2382
42.2398
42.2413
42.2428
42.2443
42.2458
42.2473
42.2489
42.2504
42.2519
42.2534
42.2549
42.2564
42.2580
42.2595
42.2610
42.2625
42.2640
42.2656
42.2671
42.2686
42.2701
42.2716
42.2731
42.2747
42.2762
42.2777
42.2792
42.2807
42.2822
42.2838
42.2853
42.2868
42.2883
42.2898
42.2914
42.2929
42.2944
42.2959
42.2974
42.2989
42.3005
42.3020
42.3035
42.3050
42.3065
42.3080
42.3096
42.3111
42.3126
42.3141
42.3156
42.3171
42.3187
42.3202
42.3217
42.3232
42.3247
42.3263
42.3278
42.3293
42.3308
42.3323
42.3338
42.3354
42.3369
42.3384
42.3399
42.3414
42.3429
42.3445
42.3460
42.3475
42.3490
42.3505
42.3520
42.3536
42.3551
42.3566
42.3581
42.3596
42.3612
42.3627
42.3642
42.3657
42.3672
42.3687
42.3703
42.3718
42.3733
42.3748
42.3763
42.3778
42.3794
42.3809
42.3824
42.3839
42.3854
42.3869
42.3885
42.3900
42.3915
42.3930
42.3945
42.3961
42.3976
42.3991
42.4006
42.4021
42.4036
42.4052
42.4067
42.4082
42.4097
42.4112
42.4127
42.4143
42.4158
42.4173
42.4188
42.4203
42.4219
42.4234
42.4249
42.4264
42.4279
42.4294
42.4310
42.4325
42.4340
42.4355
42.4370
42.4385
42.4401
42.4416
42.4431
42.4446
42.4461
42.4476
42.4492
42.4507
42.4522
42.4537
42.4552
42.4568
42.4583
42.4598
42.4613
42.4628
42.4643
42.4659
42.4674
42.4689
42.4704
42.4719
42.4734
42.4750
42.4765
42.4780
42.4795
42.4810
42.4825
42.4841
42.4856
42.4871
42.4886
42.4901
42.4917
42.4932
42.4947
42.4962
42.4977
42.4992
42.5008
42.5023
42.5038
42.5053
42.5068
42.5083
42.5099
42.5114
42.5129
42.5144
42.5159
42.5175
42.5190
42.5205
42.5220
42.5235
42.5250
42.5266
42.5281
42.5296
42.5311
42.5326
42.5341
42.5357
42.5372
42.5387
42.5402
42.5417
42.5432
42.5448
42.5463
42.5478
42.5493
42.5508
42.5524
42.5539
42.5554
42.5569
42.5584
42.5599
42.5615
42.5630
42.5645
42.5660
42.5675
42.5690
42.5706
42.5721
42.5736
42.5751
42.5766
42.5781
42.5797
42.5812
42.5827
42.5842
42.5857
42.5873
42.5888
42.5903
42.5918
42.5933
42.5948
42.5964
42.5979
42.5994
42.6009
42.6024
42.6039
42.6055
42.6070
42.6085
42.6100
42.6115
42.6131
42.6146
42.6161
42.6176
42.6191
42.6206
42.6222
42.6237
42.6252
42.6267
42.6282
42.6297
42.6313
42.6328
42.6343
42.6358
42.6373
42.6388
42.6404
42.6419
42.6434
42.6449
42.6464
42.6480
42.6495
42.6510
42.6525
42.6540
42.6555
42.6571
42.6586
42.6601
42.6616
42.6631
42.6646
42.6662
42.6677
42.6692
42.6707
42.6722
42.6737
42.6753
42.6768
42.6783
42.6798
42.6813
42.6829
42.6844
42.6859
42.6874
42.6889
42.6904
42.6920
42.6935
42.6950
42.6965
42.6980
42.6995
42.7011
42.7026
42.7041
42.7056
42.7071
42.7086
42.7102
42.7117
42.7132
42.7147
42.7162
42.7178
42.7193
42.7208
42.7223
42.7238
42.7253
42.7269
42.7284
42.7299
42.7314
42.7329
42.7344
42.7360
42.7375
42.7390
42.7405
42.7420
42.7436
42.7451
42.7466
42.7481
42.7496
42.7511
42.7527
42.7542
42.7557
42.7572
42.7587
42.7602
42.7618
42.7633
42.7648
42.7663
42.7678
42.7693
42.7709
42.7724
42.7739
42.7754
42.7769
42.7785
42.7800
42.7815
42.7830
42.7845
42.7860
42.7876
42.7891
42.7906
42.7921
42.7936
42.7951
42.7967
42.7982
42.7997
42.8012
42.8027
42.8042
42.8058
42.8073
42.8088
42.8103
42.8118
42.8134
42.8149
42.8164
42.8179
42.8194
42.8209
42.8225
42.8240
42.8255
42.8270
42.8285
42.8300
42.8316
42.8331
42.8346
42.8361
42.8376
42.8392
42.8407
42.8422
42.8437
42.8452
42.8467
42.8483
42.8498
42.8513
42.8528
42.8543
42.8558
42.8574
42.8589
42.8604
42.8619
42.8634
42.8649
42.8665
42.8680
42.8695
42.8710
42.8725
42.8741
42.8756
42.8771
42.8786
42.8801
42.8816
42.8832
42.8847
42.8862
42.8877
42.8892
42.8907
42.8923
42.8938
42.8953
42.8968
42.8983
42.8998
42.9014
42.9029
42.9044
42.9059
42.9074
42.9090
42.9105
42.9120
42.9135
42.9150
42.9165
42.9181
42.9196
42.9211
42.9226
42.9241
42.9256
42.9272
42.9287
42.9302
42.9317
42.9332
42.9347
42.9363
42.9378
42.9393
42.9408
42.9423
42.9439
42.9454
42.9469
42.9484
42.9499
42.9514
42.9530
42.9545
42.9560
42.9575
42.9590
42.9605
42.9621
42.9636
42.9651
42.9666
42.9681
42.9697
42.9712
42.9727
42.9742
42.9757
42.9772
42.9788
42.9803
42.9818
42.9833
42.9848
42.9863
42.9879
42.9894
42.9909
42.9924
42.9939
42.9954
42.9970
42.9985
43.0027
43.0054
43.0081
43.0108
43.0135
43.0162
43.0189
43.0216
43.0243
43.0270
43.0296
43.0323
43.0350
43.0377
43.0404
43.0431
43.0458
43.0485
43.0512
43.0539
43.0566
43.0593
43.0620
43.0647
43.0674
43.0701
43.0728
43.0755
43.0782
43.0809
43.0836
43.0863
43.0889
43.0916
43.0943
43.0970
43.0997
43.1024
43.1051
43.1078
43.1105
43.1132
43.1159
43.1186
43.1213
43.1240
43.1267
43.1294
43.1321
43.1348
43.1375
43.1402
43.1429
43.1456
43.1482
43.1509
43.1536
43.1563
43.1590
43.1617
43.1644
43.1671
43.1698
43.1725
43.1752
43.1779
43.1806
43.1833
43.1860
43.1887
43.1914
43.1941
43.1968
43.1995
43.2022
43.2049
43.2075
43.2102
43.2129
43.2156
43.2183
43.2210
43.2237
43.2264
43.2291
43.2318
43.2345
43.2372
43.2399
43.2426
43.2453
43.2480
43.2507
43.2534
43.2561
43.2588
43.2615
43.2642
43.2668
43.2695
43.2722
43.2749
43.2776
43.2803
43.2830
43.2857
43.2884
43.2911
43.2938
43.2965
43.2992
43.3019
43.3046
43.3073
43.3100
43.3127
43.3154
43.3181
43.3208
43.3235
43.3261
43.3288
43.3315
43.3342
43.3369
43.3396
43.3423
43.3450
43.3477
43.3504
43.3531
43.3558
43.3585
43.3612
43.3639
43.3666
43.3693
43.3720
43.3747
43.3774
43.3801
43.3827
43.3854
43.3881
43.3908
43.3935
43.3962
43.3989
43.4016
43.4043
43.4070
43.4097
43.4124
43.4151
43.4178
43.4205
43.4232
43.4259
43.4286
43.4313
43.4340
43.4367
43.4394
43.4420
43.4447
43.4474
43.4501
43.4528
43.4555
43.4582
43.4609
43.4636
43.4663
43.4690
43.4717
43.4744
43.4771
43.4798
43.4825
43.4852
43.4879
43.4906
43.4933
43.4960
43.4987
43.5013
43.5040
43.5067
43.5094
43.5121
43.5148
43.5175
43.5202
43.5229
43.5256
43.5283
43.5310
43.5337
43.5364
43.5391
43.5418
43.5445
43.5472
43.5499
43.5526
43.5553
43.5580
43.5606
43.5633
43.5660
43.5687
43.5714
43.5741
43.5768
43.5795
43.5822
43.5849
43.5876
43.5903
43.5930
43.5957
43.5984
43.6011
43.6038
43.6065
43.6092
43.6119
43.6146
43.6173
43.6199
43.6226
43.6253
43.6280
43.6307
43.6334
43.6361
43.6388
43.6415
43.6442
43.6469
43.6496
43.6523
43.6550
43.6577
43.6604
43.6631
43.6658
43.6685
43.6712
43.6739
43.6765
43.6792
43.6819
43.6846
43.6873
43.6900
43.6927
43.6954
43.6981
43.7008
43.7035
43.7062
43.7089
43.7116
43.7143
43.7170
43.7197
43.7224
43.7251
43.7278
43.7305
43.7332
43.7358
43.7385
43.7412
43.7439
43.7466
43.7493
43.7520
43.7547
43.7574
43.7601
43.7628
43.7655
43.7682
43.7709
43.7736
43.7763
43.7790
43.7817
43.7844
43.7871
43.7898
43.7925
43.7951
43.7978
43.8005
43.8032
43.8059
43.8086
43.8113
43.8140
43.8167
43.8194
43.8221
43.8248
43.8275
43.8302
43.8329
43.8356
43.8383
43.8410
43.8437
43.8464
43.8491
43.8518
43.8544
43.8571
43.8598
43.8625
43.8652
43.8679
43.8706
43.8733
43.8760
43.8787
43.8814
43.8841
43.8868
43.8895
43.8922
43.8949
43.8976
43.9003
43.9030
43.9057
43.9084
43.9111
43.9137
43.9164
43.9191
43.9218
43.9245
43.9272
43.9299
43.9326
43.9353
43.9380
43.9407
43.9434
43.9461
43.9488
43.9515
43.9542
43.9569
43.9596
43.9623
43.9650
43.9677
43.9704
43.9730
43.9757
43.9784
43.9811
43.9838
43.9865
43.9892
43.9919
43.9946
43.9973
44.0108
44.0215
44.0323
44.0430
44.0538
44.0645
44.0753
44.0860
44.0968
44.1075
44.1183
44.1290
44.1398
44.1505
44.1613
44.1720
44.1828
44.1935
44.2043
44.2151
44.2258
44.2366
44.2473
44.2581
44.2688
44.2796
44.2903
44.3011
44.3118
44.3226
44.3333
44.3441
44.3548
44.3656
44.3763
44.3871
44.3978
44.4086
44.4194
44.4301
44.4409
44.4516
44.4624
44.4731
44.4839
44.4946
44.5054
44.5161
44.5269
44.5376
44.5484
44.5591
44.5699
44.5806
44.5914
44.6022
44.6129
44.6237
44.6344
44.6452
44.6559
44.6667
44.6774
44.6882
44.6989
44.7097
44.7204
44.7312
44.7419
44.7527
44.7634
44.7742
44.7849
44.7957
44.8065
44.8172
44.8280
44.8387
44.8495
44.8602
44.8710
44.8817
44.8925
44.9032
44.9140
44.9247
44.9355
44.9462
44.9570
44.9677
44.9785
44.9892
45.0196
45.0392
45.0588
45.0784
45.0980
45.1176
45.1373
45.1569
45.1765
45.1961
45.2157
45.2353
45.2549
45.2745
45.2941
45.3137
45.3333
45.3529
45.3725
45.3922
45.4118
45.4314
45.4510
45.4706
45.4902
45.5098
45.5294
45.5490
45.5686
45.5882
45.6078
45.6275
45.6471
45.6667
45.6863
45.7059
45.7255
45.7451
45.7647
45.7843
45.8039
45.8235
45.8431
45.8627
45.8824
45.9020
45.9216
45.9412
45.9608
45.9804
46.0455
46.0909
46.1364
46.1818
46.2273
46.2727
46.3182
46.3636
46.4091
46.4545
46.5000
46.5455
46.5909
46.6364
46.6818
46.7273
46.7727
46.8182
46.8636
46.9091
46.9545
47.2000
47.4000
47.6000
47.8000
48.5000

